     0/149      3.5G   0.02224   0.05231         0   0.07456         9       640    0.9069    0.9353    0.9199     0.587   0.03063   0.03945         0
     1/149     3.44G   0.02206   0.05421         0   0.07627         9       640    0.9171    0.9353    0.9414    0.7123   0.02201   0.03718         0
     2/149     3.44G   0.02153   0.05078         0    0.0723         7       640     0.931    0.9402    0.9438    0.7165   0.02156   0.03769         0
     3/149     3.44G   0.02146   0.05277         0   0.07423        12       640    0.9227    0.9501     0.944    0.7191   0.02151   0.03741         0
     4/149     3.44G   0.02171   0.04965         0   0.07136         8       640    0.9179    0.9452    0.9424    0.7057   0.02191   0.03783         0
     5/149     3.44G   0.02156   0.05433         0   0.07589         7       640    0.9478    0.9303    0.9403    0.7213   0.02125   0.03771         0
     6/149     3.44G   0.02188   0.05514         0   0.07702         7       640    0.9585    0.9254    0.9445       0.7   0.02185   0.03871         0
     7/149     3.44G   0.02213   0.05418         0    0.0763         9       640    0.9359    0.9453    0.9434    0.7224   0.02146   0.03661         0
     8/149     3.44G     0.022   0.05571         0   0.07771         7       640    0.9495    0.9352    0.9433    0.7003     0.022   0.03815         0
     9/149     3.44G   0.02239   0.05707         0   0.07946         8       640    0.9268    0.9453    0.9397    0.7068   0.02136   0.03815         0
    10/149     3.44G    0.0233   0.05652         0   0.07983         7       640    0.9223    0.9452    0.9332     0.706   0.02216   0.03821         0
    11/149     3.44G   0.02417   0.05708         0   0.08125         7       640    0.9356    0.9401     0.935    0.6691   0.02341   0.03921         0
    12/149     3.44G   0.02688   0.05552         0    0.0824        10       640    0.9688    0.9303    0.9314    0.6793    0.0247   0.03997         0
    13/149     3.44G   0.02724   0.05708         0   0.08431        10       640    0.9453    0.9451    0.9429    0.6612   0.02686   0.03726         0
    14/149     3.44G   0.02989   0.05776         0   0.08765        11       640    0.9596    0.9453    0.9459    0.6616   0.02499   0.03984         0
    15/149     3.44G   0.02981   0.05826         0   0.08807         6       640    0.9307    0.9351    0.9413    0.6584   0.02619   0.03949         0
    16/149     3.44G   0.02897   0.05926         0   0.08824         4       640    0.9489    0.9254    0.9379    0.6815   0.02554   0.03768         0
    17/149     3.44G   0.02792      0.06         0   0.08793         8       640    0.9399    0.9353     0.934    0.6754   0.02483   0.04117         0
    18/149     3.44G   0.02972   0.06134         0   0.09106         7       640    0.9356    0.9403    0.9346    0.6639    0.0253   0.04067         0
    19/149     3.44G   0.02921   0.05922         0   0.08843        11       640    0.9397    0.9303    0.9312    0.6725    0.0249   0.03846         0
    20/149     3.44G    0.0281   0.05875         0   0.08685         7       640    0.9261    0.9352    0.9396    0.6658   0.02615   0.03928         0
    21/149     3.44G   0.02966   0.06037         0   0.09004         7       640    0.9247    0.8556    0.8635    0.6201   0.02696   0.04564         0
    22/149     3.44G   0.02809   0.06179         0   0.08988         8       640    0.9395    0.9303    0.9211    0.6458    0.0255   0.04128         0
    23/149     3.44G   0.02958   0.06144         0   0.09102         3       640    0.9363    0.9502    0.9465    0.6784   0.02518   0.03878         0
    24/149     3.44G   0.02788   0.05848         0   0.08636         6       640    0.9409    0.9502    0.9429    0.6771   0.02486   0.03769         0
    25/149     3.44G   0.02713   0.06138         0   0.08851         5       640    0.9538    0.9303    0.9306    0.6591    0.0255   0.03847         0
    26/149     3.44G   0.02643    0.0603         0   0.08673        10       640    0.9687    0.9254    0.9308    0.6963   0.02364   0.03836         0
    27/149     3.44G   0.02842   0.06009         0   0.08851         9       640    0.9596    0.9453    0.9485    0.7009   0.02416   0.03622         0
    28/149     3.44G   0.02821   0.05622         0   0.08444         2       640    0.9543    0.9353    0.9296    0.6811   0.02471   0.03624         0
    29/149     3.44G   0.02641   0.05979         0    0.0862         8       640    0.9583    0.9154    0.9275    0.6664   0.02523   0.03906         0
    30/149     3.44G   0.02747   0.06058         0   0.08805        10       640    0.9403    0.9403     0.938     0.666    0.0255   0.03887         0
    31/149     3.44G   0.02825   0.05717         0   0.08542         8       640    0.9306    0.9353    0.9278    0.6717   0.02563    0.0386         0
    32/149     3.44G   0.02731   0.06037         0   0.08768        10       640     0.954    0.9303    0.9348    0.7104   0.02371   0.03792         0
    33/149     3.44G   0.02661   0.05916         0   0.08577         9       640    0.9687    0.9254    0.9435    0.7065   0.02345    0.0373         0
    34/149     3.44G   0.02528   0.05644         0   0.08173        18       640    0.9272    0.9502    0.9452    0.6783   0.02522   0.03739         0
    35/149     3.44G   0.02624   0.05993         0   0.08618        12       640    0.9543    0.9403    0.9437    0.6864   0.02502    0.0379         0
    36/149     3.44G   0.02807   0.05922         0   0.08729         5       640    0.9356    0.9402    0.9321    0.6841   0.02435   0.03765         0
    37/149     3.44G   0.02648   0.06101         0   0.08749         7       640     0.959    0.9302    0.9258    0.6845   0.02367   0.03851         0
    38/149     3.44G   0.02649   0.05697         0   0.08346        10       640    0.9406    0.9453    0.9355    0.7028    0.0235   0.03764         0
    39/149     3.44G   0.02588   0.05844         0   0.08432        12       640    0.9453    0.9453     0.931     0.687   0.02345   0.03812         0
    40/149     3.44G   0.02523   0.05744         0   0.08267         4       640    0.9394    0.9253    0.9322    0.6837   0.02455   0.03886         0
    41/149     3.44G   0.02741    0.0588         0   0.08621         7       640    0.9261    0.9353    0.9321    0.6729   0.02498   0.03794         0
    42/149     3.44G   0.02598    0.0586         0   0.08457         5       640    0.9594    0.9403    0.9493    0.6916    0.0238   0.03829         0
    43/149     3.44G   0.02651   0.05841         0   0.08492        11       640    0.9327    0.9005    0.9337    0.6533   0.02487   0.04005         0
    44/149     3.44G   0.02568   0.05404         0   0.07972         8       640    0.9356    0.9403    0.9368    0.6877   0.02384   0.03815         0
    45/149     3.44G   0.02561   0.06142         0   0.08703        11       640    0.9306    0.9353    0.9355    0.7012   0.02411   0.03799         0
    46/149     3.44G   0.02576   0.05575         0   0.08151         4       640    0.9271    0.9502    0.9469    0.6996   0.02357   0.03841         0
    47/149     3.44G   0.02635   0.05967         0   0.08601        12       640    0.9211    0.9303    0.9308    0.6841   0.02338   0.04082         0
    48/149     3.44G   0.02456   0.05647         0   0.08103         8       640    0.9356    0.9402    0.9484    0.7162   0.02257   0.03812         0
    49/149     3.44G   0.02534   0.05924         0   0.08458         7       640    0.9332    0.9055    0.9267    0.6933   0.02364   0.04024         0
    50/149     3.44G   0.02572   0.05508         0    0.0808         6       640    0.9296    0.9204    0.9274    0.6812   0.02385   0.03983         0
    51/149     3.44G   0.02479   0.05574         0   0.08053         5       640    0.9495    0.9353    0.9308    0.6931   0.02323   0.03941         0
    52/149     3.44G   0.02394    0.0569         0   0.08083         7       640    0.9356    0.9402     0.933    0.6822   0.02344    0.0394         0
    53/149     3.44G   0.02418   0.05391         0   0.07809         8       640    0.9363    0.9501    0.9445    0.7062   0.02257   0.03806         0
    54/149     3.44G   0.02438   0.05734         0   0.08173        11       640    0.9406    0.9453    0.9323    0.6737   0.02371   0.03896         0
    55/149     3.44G   0.02432   0.05607         0   0.08039         8       640    0.9505    0.9552    0.9484    0.6924    0.0232   0.03844         0
    56/149     3.44G   0.02489   0.05401         0    0.0789        11       640     0.955    0.9502    0.9431    0.7041   0.02301   0.03703         0
    57/149     3.44G   0.02282   0.05233         0   0.07515         4       640    0.9455    0.9502    0.9443    0.7051   0.02305   0.03889         0
    58/149     3.44G   0.02439   0.05681         0    0.0812         5       640    0.9406    0.9453    0.9449    0.7011   0.02311   0.03784         0
    59/149     3.44G   0.02403   0.05368         0    0.0777         5       640    0.9489    0.9254    0.9316    0.7009   0.02298   0.03751         0
    60/149     3.44G   0.02329   0.05399         0   0.07727        11       640    0.9412    0.9551    0.9427    0.7003   0.02276   0.03668         0
    61/149     3.44G   0.02338   0.05452         0   0.07791         7       640    0.9498    0.9453    0.9405    0.7059    0.0219   0.03777         0
    62/149     3.44G   0.02281   0.05741         0   0.08022        10       640    0.9268    0.9452    0.9471    0.7008   0.02189   0.03847         0
    63/149     3.44G   0.02418   0.05576         0   0.07995         9       640    0.9139    0.9552    0.9459    0.7158   0.02159   0.03764         0
    64/149     3.44G   0.02366   0.05455         0    0.0782         9       640    0.9307    0.9352    0.9334     0.698    0.0228   0.03767         0
    65/149     3.44G   0.02223   0.05358         0   0.07581        14       640    0.9314    0.9452    0.9351    0.7091   0.02167   0.03713         0
    66/149     3.44G   0.02246   0.05471         0   0.07716         7       640    0.9547    0.9453    0.9439    0.7066   0.02129   0.03707         0
    67/149     3.44G   0.02341   0.05654         0   0.07995         6       640    0.9365    0.9552    0.9542    0.7087   0.02204   0.03783         0
    68/149     3.44G   0.02321   0.05184         0   0.07505         5       640    0.9316    0.9502    0.9412    0.7097   0.02185   0.03675         0
    69/149     3.44G   0.02203   0.05337         0    0.0754         6       640    0.9268    0.9453    0.9418    0.7172   0.02191   0.03731         0
    70/149     3.44G   0.02166   0.05165         0   0.07331         8       640    0.9314    0.9453    0.9393    0.7169   0.02219   0.03669         0
    71/149     3.44G   0.02233   0.05512         0   0.07745        12       640    0.9447    0.9353    0.9367    0.7031   0.02238   0.03852         0
    72/149     3.44G    0.0226   0.05397         0   0.07656         9       640     0.945    0.9403    0.9419    0.7025   0.02257   0.03847         0
    73/149     3.44G   0.02256   0.05698         0   0.07954         9       640    0.9441    0.9303    0.9462    0.7135   0.02216   0.03754         0
    74/149     3.44G   0.02339   0.05411         0   0.07749         8       640    0.9265    0.9403     0.939    0.7172   0.02199   0.03688         0
    75/149     3.44G   0.02241   0.05286         0   0.07527         5       640    0.9447    0.9353    0.9423    0.7199   0.02156   0.03755         0
    76/149     3.44G   0.02182     0.055         0   0.07682        13       640    0.9498    0.9453    0.9457    0.7191   0.02207   0.03775         0
    77/149     3.44G   0.02284   0.05503         0   0.07788         6       640    0.9684    0.9153    0.9459    0.7065   0.02222   0.03685         0
    78/149     3.44G    0.0237   0.05275         0   0.07645         5       640    0.9356    0.9403    0.9348    0.7098   0.02171   0.03714         0
    79/149     3.44G   0.02212   0.05132         0   0.07343        11       640    0.9226    0.9502     0.941    0.7147   0.02143   0.03771         0
    80/149     3.44G   0.02189   0.05134         0   0.07323         7       640    0.9267    0.9453    0.9382    0.7223   0.02137   0.03786         0
    81/149     3.44G   0.02209   0.04878         0   0.07087         9       640    0.9227    0.9502    0.9446    0.7249   0.02143   0.03791         0
    82/149     3.44G   0.02232   0.05424         0   0.07656        12       640    0.9449    0.9403    0.9432    0.7137   0.02223   0.03841         0
    83/149     3.44G   0.02113   0.05085         0   0.07198         8       640     0.972    0.9005    0.9392    0.7114   0.02196   0.04055         0
    84/149     3.44G   0.02125   0.05052         0   0.07177        10       640    0.9444    0.9302    0.9372    0.7027   0.02208   0.03992         0
    85/149     3.44G   0.02206   0.05175         0   0.07381        12       640    0.9442    0.9254    0.9318    0.7103   0.02186   0.03761         0
    86/149     3.44G   0.02104   0.05204         0   0.07307         5       640    0.9306    0.9353    0.9283     0.703   0.02206    0.0369         0
    87/149     3.44G   0.02086   0.05128         0   0.07214         6       640    0.9223    0.9453    0.9444     0.724   0.02198   0.03782         0
    88/149     3.44G   0.02135   0.05081         0   0.07216        11       640      0.94    0.9353     0.944    0.7255   0.02194   0.03724         0
    89/149     3.44G   0.02144   0.05218         0   0.07362         5       640     0.931    0.9403    0.9358    0.7144   0.02203     0.037         0
    90/149     3.44G   0.02102      0.05         0   0.07102         8       640    0.9219    0.9402      0.94    0.7178   0.02218   0.03783         0
    91/149     3.44G   0.02084   0.05297         0   0.07381         3       640    0.9267    0.9453    0.9417    0.7227   0.02153   0.03806         0
    92/149     3.44G   0.02095   0.04856         0   0.06952        13       640    0.9389    0.9204    0.9317    0.7079   0.02199   0.03935         0
    93/149     3.44G     0.021   0.05025         0   0.07125         9       640    0.9317    0.9502     0.949    0.7302   0.02148   0.03836         0
    94/149     3.44G   0.02067    0.0488         0   0.06947         8       640    0.9317    0.9502     0.943    0.7207   0.02172   0.03705         0
    95/149     3.44G   0.02067   0.05182         0   0.07249         5       640    0.9317    0.9502    0.9384    0.7218   0.02109   0.03675         0
    96/149     3.44G   0.02071   0.05376         0   0.07447         8       640    0.9359    0.9453    0.9391    0.7159   0.02144   0.03681         0
    97/149     3.44G    0.0207   0.05058         0   0.07128        13       640    0.9353    0.9353    0.9344    0.7169   0.02155   0.03716         0
    98/149     3.44G   0.02058   0.05173         0   0.07231         5       640    0.9218    0.9403    0.9377    0.7164   0.02138   0.03721         0
    99/149     3.44G   0.02166   0.05098         0   0.07264         7       640    0.9393    0.9254    0.9375    0.7241   0.02094   0.03738         0
   100/149     3.44G   0.01944   0.04847         0    0.0679         4       640    0.9481    0.9104    0.9325    0.7258   0.02072   0.03814         0
   101/149     3.44G   0.02032   0.05241         0   0.07272         6       640    0.9406    0.9453    0.9371    0.7284   0.02062   0.03743         0
   102/149     3.44G   0.02043   0.05098         0   0.07141         7       640    0.9223    0.9453    0.9392     0.722   0.02107   0.03766         0
   103/149     3.44G   0.02052    0.0498         0   0.07032         7       640    0.9359    0.9453     0.944    0.7244   0.02105   0.03847         0
   104/149     3.44G   0.02077   0.04853         0    0.0693        11       640    0.9347    0.9353    0.9424    0.7231    0.0211   0.03859         0
   105/149     3.44G   0.02113   0.05158         0   0.07271         3       640    0.9393    0.9254    0.9431     0.719   0.02101   0.03865         0
   106/149     3.44G   0.01953   0.04998         0   0.06951         4       640    0.9317    0.9502    0.9445    0.7302   0.02094   0.03793         0
   107/149     3.44G   0.01982   0.05182         0   0.07164        10       640    0.9317    0.9502    0.9449    0.7276   0.02144   0.03778         0
   108/149     3.44G   0.01913   0.05032         0   0.06946         6       640    0.9363    0.9502    0.9448    0.7351    0.0209   0.03717         0
   109/149     3.44G   0.01937   0.04829         0   0.06766         5       640    0.9454    0.9502    0.9469    0.7355   0.02083   0.03692         0
   110/149     3.44G   0.02016   0.05261         0   0.07277         4       640    0.9405    0.9453    0.9449    0.7386   0.02064   0.03693         0
   111/149     3.44G    0.0204   0.04864         0   0.06904         7       640    0.9316    0.9502    0.9432    0.7239   0.02089   0.03752         0
   112/149     3.44G    0.0197   0.05198         0   0.07168        10       640    0.9363    0.9502    0.9437    0.7256   0.02082   0.03723         0
   113/149     3.44G   0.02005   0.04909         0   0.06914        10       640    0.9363    0.9502    0.9432    0.7243   0.02091   0.03746         0
   114/149     3.44G   0.01963   0.05008         0   0.06972         9       640    0.9272    0.9502    0.9431    0.7183   0.02127   0.03909         0
   115/149     3.44G   0.02067   0.05233         0   0.07299        10       640    0.9314    0.9452    0.9413    0.7104   0.02159   0.03889         0
   116/149     3.44G   0.01949   0.04907         0   0.06856         9       640    0.9359    0.9453    0.9397    0.7178   0.02126   0.03847         0
   117/149     3.44G   0.01961   0.04738         0   0.06699         7       640    0.9406    0.9453    0.9407    0.7185    0.0213   0.03912         0
   118/149     3.44G   0.01945   0.04727         0   0.06672         6       640    0.9362    0.9502    0.9418    0.7244   0.02094     0.038         0
   119/149     3.44G    0.0189   0.04923         0   0.06813         9       640    0.9363    0.9502    0.9394    0.7192   0.02122   0.03807         0
   120/149     3.44G   0.01911   0.04792         0   0.06702        10       640    0.9313    0.9453    0.9408    0.7287   0.02063   0.03853         0
   121/149     3.44G   0.01918    0.0471         0   0.06628         7       640    0.9487    0.9203    0.9416    0.7234   0.02099   0.03806         0
   122/149     3.44G   0.01836   0.04402         0   0.06238         9       640    0.9316    0.9502    0.9417    0.7173   0.02119   0.03808         0
   123/149     3.44G   0.01928   0.04804         0   0.06731         8       640    0.9363    0.9501    0.9389    0.7182    0.0208    0.0384         0
   124/149     3.44G   0.01889   0.04315         0   0.06204        11       640    0.9272    0.9502    0.9372    0.7155   0.02088   0.03883         0
   125/149     3.44G   0.01997   0.04718         0   0.06715        10       640    0.9135    0.9502    0.9374    0.7131   0.02108   0.03928         0
   126/149     3.44G   0.01897   0.04648         0   0.06545        10       640    0.9182    0.9502     0.941    0.7154   0.02121   0.03949         0
   127/149     3.44G   0.01901   0.04562         0   0.06464         6       640    0.9272    0.9501    0.9428    0.7139    0.0212   0.03879         0
   128/149     3.44G   0.01912   0.04456         0   0.06369        10       640    0.9271    0.9502    0.9443    0.7257     0.021   0.03826         0
   129/149     3.44G   0.01937     0.049         0   0.06837         5       640    0.9359    0.9453    0.9421    0.7265   0.02102   0.03811         0
   130/149     3.44G   0.02008   0.05131         0   0.07139         6       640    0.9264    0.9403    0.9393     0.712   0.02092   0.03848         0
   131/149     3.44G   0.01931   0.04645         0   0.06576        14       640    0.9182    0.9502    0.9391    0.7221    0.0208    0.0391         0
   132/149     3.44G   0.01831   0.04429         0   0.06259         5       640    0.9271    0.9502    0.9403    0.7219   0.02104   0.03917         0
   133/149     3.44G   0.01912    0.0478         0   0.06692        12       640    0.9398    0.9353    0.9404     0.722   0.02104   0.03901         0
   134/149     3.44G   0.01852   0.04702         0   0.06554         7       640    0.9226    0.9502    0.9405    0.7245   0.02075    0.0391         0
   135/149     3.44G    0.0183   0.04587         0   0.06417         5       640    0.9182    0.9502    0.9393    0.7153   0.02106   0.03881         0
   136/149     3.44G    0.0193   0.04685         0   0.06615         5       640    0.9275    0.9552     0.942    0.7152   0.02083   0.03869         0
   137/149     3.44G   0.01823    0.0471         0   0.06533        16       640    0.9227    0.9502    0.9379    0.7168    0.0207   0.03887         0
   138/149     3.44G   0.01894    0.0453         0   0.06424         5       640    0.9271    0.9502    0.9404     0.727   0.02071   0.03876         0
   139/149     3.44G   0.01911   0.04745         0   0.06656         7       640    0.9272    0.9502    0.9393    0.7296   0.02051   0.03883         0
   140/149     3.44G   0.01941    0.0493         0   0.06872         5       640    0.9317    0.9502    0.9399    0.7228   0.02068   0.03905         0
   141/149     3.44G   0.01856   0.04819         0   0.06675         9       640    0.9317    0.9502    0.9407    0.7243   0.02076   0.03862         0
   142/149     3.44G   0.01804   0.04696         0   0.06499         6       640    0.9316    0.9502    0.9406    0.7223   0.02072   0.03901         0
   143/149     3.44G   0.01842   0.04667         0   0.06509         6       640    0.9227    0.9502    0.9395    0.7204   0.02098   0.03895         0
   144/149     3.44G   0.01907   0.04601         0   0.06508        11       640    0.9223    0.9502    0.9386    0.7203   0.02111   0.03878         0
   145/149     3.44G   0.01899   0.04533         0   0.06432         9       640    0.9317    0.9501    0.9384    0.7229   0.02118   0.03849         0
   146/149     3.44G   0.01873   0.04892         0   0.06764        11       640    0.9183    0.9502    0.9372    0.7144   0.02121   0.03906         0
   147/149     3.44G   0.01895   0.04708         0   0.06603         6       640    0.9095    0.9502     0.938    0.7152   0.02112   0.03923         0
   148/149     3.44G    0.0182   0.04532         0   0.06352         6       640    0.9138    0.9502    0.9384    0.7271   0.02069   0.03897         0
   149/149     3.44G   0.01877   0.04431         0   0.06308        11       640    0.9138    0.9502    0.9406     0.729   0.02068   0.03916         0
