     0/149     3.45G    0.1048    0.1186         0    0.2234        10       640         0         0         0         0   0.07256    0.1178         0
     1/149     3.41G    0.1035    0.1046         0    0.2081         8       640         0         0         0         0   0.09027   0.09085         0
     2/149     3.42G   0.09679    0.1102         0     0.207         7       640         0         0         0         0    0.1168   0.06332         0
     3/149     3.42G    0.0889    0.1142         0    0.2031        12       640    0.1058    0.1891    0.0264  0.004712   0.08673   0.08287         0
     4/149     3.42G   0.08275    0.1097         0    0.1925        10       640    0.1477   0.01493  0.003318 0.0007961   0.08741     0.096         0
     5/149     3.42G   0.07747    0.1145         0    0.1919        12       640    0.2729    0.3333    0.1225   0.02848   0.06533   0.08927         0
     6/149     3.42G   0.07572    0.1083         0    0.1841        11       640    0.4758    0.0597   0.03776  0.008268   0.06222   0.08931         0
     7/149     3.42G   0.07485    0.1042         0    0.1791         3       640    0.6609   0.00995  0.007313  0.004388   0.08749   0.07369         0
     8/149     3.42G   0.07208    0.1055         0    0.1776         4       640    0.4907    0.5272    0.3699    0.1159   0.06019   0.07265         0
     9/149     3.42G   0.06956    0.1018         0    0.1714        12       640    0.2305    0.0796   0.06251   0.01615   0.09487   0.08065         0
    10/149     3.42G   0.06885   0.09957         0    0.1684        10       640    0.3486    0.2736    0.1178   0.02467   0.05966   0.08648         0
    11/149     3.42G   0.06919   0.09939         0    0.1686        10       640         1  0.004975  0.009975  0.004988   0.08985    0.1103         0
    12/149     3.42G   0.06452   0.09383         0    0.1583         6       640    0.6313    0.5672    0.5433    0.1865   0.05565   0.08296         0
    13/149     3.42G   0.06314   0.09402         0    0.1572         6       640     0.691    0.4129    0.3694     0.104   0.05231   0.08283         0
    14/149     3.42G   0.05889   0.09297         0    0.1519         7       640    0.3637     0.194    0.1139    0.0297    0.0618    0.0878         0
    15/149     3.42G   0.05535   0.08985         0    0.1452         4       640    0.7111    0.6614    0.6404    0.2281   0.04852    0.0604         0
    16/149     3.42G   0.05415   0.09251         0    0.1467         9       640    0.8695    0.6964    0.7384    0.2623   0.04951   0.06189         0
    17/149     3.42G    0.0511   0.09609         0    0.1472         9       640    0.8784    0.3234    0.3005    0.1323   0.05202    0.0875         0
    18/149     3.42G   0.04695   0.08548         0    0.1324         7       640    0.8649    0.6418     0.634    0.3115   0.04418   0.05963         0
    19/149     3.42G   0.04537   0.08324         0    0.1286         9       640    0.7219     0.801    0.7443    0.4128   0.03704   0.05648         0
    20/149     3.42G   0.04224   0.08268         0    0.1249         7       640    0.8557    0.8557    0.8874     0.494   0.03346   0.05847         0
    21/149     3.42G   0.04153   0.08505         0    0.1266        10       640    0.9255    0.8656    0.8578    0.4709   0.03467   0.05574         0
    22/149     3.42G   0.04124   0.08259         0    0.1238         4       640    0.8267     0.736    0.7119    0.3466   0.03909   0.06835         0
    23/149     3.42G   0.03956   0.08259         0    0.1222         5       640    0.8832    0.8657    0.8598    0.5269   0.03239   0.05148         0
    24/149     3.42G   0.03844   0.08083         0    0.1193        15       640    0.8809    0.9204    0.8939    0.5561   0.03186   0.04673         0
    25/149     3.42G   0.03792   0.07492         0    0.1128         7       640    0.9158    0.8656    0.8896    0.5409   0.03218   0.04876         0
    26/149     3.42G   0.03972   0.07596         0    0.1157         7       640    0.8706    0.8706    0.8536    0.5042   0.03295   0.04946         0
    27/149     3.42G   0.03832   0.07714         0    0.1155         6       640    0.8871    0.8607     0.843    0.5478    0.0309   0.04949         0
    28/149     3.42G   0.03655   0.07869         0    0.1152         7       640    0.9387    0.9204    0.9169    0.6038   0.02946   0.04489         0
    29/149     3.42G   0.03777   0.07227         0      0.11        13       640     0.909    0.8955    0.8943    0.5487   0.03219   0.04546         0
    30/149     3.42G   0.03533   0.07224         0    0.1076         5       640    0.9199    0.9154    0.9108    0.6234   0.02835   0.04366         0
    31/149     3.42G   0.03646   0.07353         0      0.11        15       640    0.9073    0.9254    0.9113    0.6104   0.02942   0.04314         0
    32/149     3.42G   0.03735   0.07368         0     0.111        10       640    0.9249    0.9204    0.9196    0.6302   0.02772   0.04192         0
    33/149     3.42G   0.03658   0.07532         0    0.1119        10       640    0.9188    0.9005    0.9128    0.6034   0.02786    0.0432         0
    34/149     3.42G   0.03536    0.0713         0    0.1067        10       640    0.9391    0.9204    0.9215    0.5931   0.02778   0.04193         0
    35/149     3.42G   0.03215   0.07278         0    0.1049        10       640    0.9385    0.9104     0.906    0.6126   0.02694   0.04124         0
    36/149     3.42G   0.03387    0.0731         0     0.107         7       640    0.9056    0.9104    0.8886    0.6091   0.02604    0.0426         0
    37/149     3.42G   0.03349   0.07137         0    0.1049         5       640    0.9271    0.8855    0.9236    0.5937   0.02906     0.042         0
    38/149     3.42G   0.03178   0.06748         0   0.09926         9       640    0.9529    0.9053    0.9057    0.6219   0.02763   0.04419         0
    39/149     3.42G    0.0314   0.06907         0    0.1005        13       640    0.9302    0.9303    0.9268    0.6329    0.0269   0.04205         0
    40/149     3.42G   0.03225   0.06738         0   0.09962         8       640    0.9486    0.9204    0.9358    0.6416   0.02799   0.04085         0
    41/149     3.42G   0.03368   0.07126         0    0.1049         5       640    0.9442    0.9253    0.9311    0.6675   0.02604   0.03888         0
    42/149     3.42G   0.03165   0.06634         0   0.09799         5       640    0.9261    0.9353    0.9383    0.6672    0.0253   0.03849         0
    43/149     3.42G   0.03332   0.07251         0    0.1058        10       640    0.9183    0.8953    0.8962      0.62    0.0268   0.04181         0
    44/149     3.42G   0.03162   0.06857         0    0.1002         4       640    0.9343    0.9204    0.9102    0.6265   0.02652   0.03988         0
    45/149     3.42G   0.03278   0.06982         0    0.1026        11       640    0.9343    0.9204    0.9167    0.6476   0.02665   0.03834         0
    46/149     3.42G    0.0319   0.06251         0   0.09441         6       640    0.9307    0.9353     0.939    0.6527   0.02598   0.03847         0
    47/149     3.42G    0.0311   0.07116         0    0.1023         8       640    0.9529    0.9052    0.9293    0.6434   0.02603      0.04         0
    48/149     3.42G   0.03266   0.06628         0   0.09894         8       640    0.9126     0.935    0.9309     0.626   0.02708   0.04191         0
    49/149     3.42G   0.03087   0.06916         0       0.1         4       640     0.969    0.9353    0.9431    0.6675   0.02549   0.03805         0
    50/149     3.42G    0.0306   0.06829         0   0.09889         7       640    0.9403    0.9403    0.9374    0.6544   0.02496   0.03976         0
    51/149     3.42G   0.03087   0.06962         0    0.1005         7       640    0.9219    0.9403    0.9442    0.6261   0.02737    0.0413         0
    52/149     3.42G   0.03094   0.06476         0    0.0957        12       640    0.9491    0.9353    0.9487    0.6781   0.02473   0.03857         0
    53/149     3.42G    0.0292   0.06529         0   0.09449         4       640    0.9389    0.9204    0.9344    0.6464   0.02676    0.0393         0
    54/149     3.42G   0.02943   0.06653         0   0.09595         4       640    0.9403    0.9403    0.9346      0.68   0.02452   0.03847         0
    55/149     3.42G   0.03077   0.06515         0   0.09592         3       640    0.9495    0.9351    0.9347    0.6617   0.02691   0.04044         0
    56/149     3.42G   0.02897   0.06191         0   0.09087         2       640    0.9581    0.9104    0.9275    0.6739   0.02496   0.03946         0
    57/149     3.42G   0.02946   0.06478         0   0.09424         9       640    0.9538    0.9254    0.9284    0.6753   0.02575   0.03829         0
    58/149     3.42G   0.02773   0.06502         0   0.09276         7       640     0.935    0.9303    0.9407     0.661   0.02534   0.03817         0
    59/149     3.42G   0.02795   0.06218         0   0.09012         7       640    0.9265    0.9403    0.9201    0.6598   0.02463    0.0393         0
    60/149     3.42G   0.02846   0.06039         0   0.08885         6       640     0.935    0.9303    0.9229    0.6625   0.02494   0.03829         0
    61/149     3.42G   0.02841   0.06211         0   0.09053         5       640    0.9353    0.9353    0.9329    0.6825   0.02424   0.03662         0
    62/149     3.42G   0.02712   0.06307         0   0.09019         6       640     0.931    0.9403    0.9333    0.6644   0.02544   0.03921         0
    63/149     3.42G   0.02726   0.06408         0   0.09133         7       640    0.9253    0.9254    0.9257    0.6653   0.02473   0.03792         0
    64/149     3.42G   0.02851   0.06065         0   0.08916         4       640    0.9226    0.9502     0.941    0.6703   0.02486   0.03779         0
    65/149     3.42G   0.02864   0.06062         0   0.08926        14       640    0.9356    0.9403    0.9382    0.6779   0.02466   0.03821         0
    66/149     3.42G   0.02751   0.06541         0   0.09292         9       640     0.934    0.9154    0.9257    0.6811   0.02439   0.03876         0
    67/149     3.42G   0.02725   0.06281         0   0.09006         7       640    0.9178    0.9453    0.9373    0.6874   0.02383   0.03846         0
    68/149     3.42G    0.0261    0.0591         0    0.0852         8       640    0.9399    0.9353    0.9381    0.7002   0.02327   0.03672         0
    69/149     3.42G   0.02692   0.06026         0   0.08718        10       640    0.9445    0.9353    0.9391    0.6817   0.02396   0.03779         0
    70/149     3.42G   0.02665   0.05792         0   0.08457         4       640    0.9497    0.9403    0.9447    0.6832   0.02412   0.03596         0
    71/149     3.42G   0.02687   0.06213         0     0.089         5       640    0.9302    0.9303    0.9346    0.6968   0.02311   0.03669         0
    72/149     3.42G   0.02653   0.05965         0   0.08618         7       640      0.94    0.9352    0.9305    0.6872   0.02385   0.03698         0
    73/149     3.42G   0.02523   0.05833         0   0.08356         5       640    0.9353    0.9353    0.9332    0.6991   0.02361   0.03734         0
    74/149     3.42G   0.02578   0.05845         0   0.08423         7       640    0.9541    0.9303    0.9373     0.692   0.02357   0.03712         0
    75/149     3.42G   0.02585   0.06051         0   0.08636         8       640    0.9581    0.9103    0.9314    0.6947   0.02314   0.03784         0
    76/149     3.42G   0.02659   0.06049         0   0.08708         9       640    0.9543    0.9353    0.9369    0.7068   0.02275   0.03639         0
    77/149     3.42G   0.02647   0.06155         0   0.08801         6       640    0.9444    0.9303    0.9211    0.6881   0.02274   0.03783         0
    78/149     3.42G   0.02678   0.05938         0   0.08616         9       640      0.95    0.9451    0.9394    0.6823   0.02431   0.03777         0
    79/149     3.42G   0.02577   0.05997         0   0.08575        10       640    0.9538    0.9252    0.9408    0.7036    0.0234   0.03603         0
    80/149     3.42G    0.0264   0.05871         0   0.08511         8       640    0.9258    0.9353    0.9332    0.6963   0.02328   0.03832         0
    81/149     3.42G   0.02525    0.0588         0   0.08405         9       640    0.9263    0.9403    0.9341    0.7028    0.0231   0.03686         0
    82/149     3.42G   0.02441   0.06225         0   0.08665        11       640     0.945    0.9403    0.9369    0.7115   0.02301   0.03482         0
    83/149     3.42G   0.02605   0.05881         0   0.08485         5       640    0.9541    0.9303    0.9235    0.6957   0.02335   0.03635         0
    84/149     3.42G   0.02385   0.05726         0   0.08112         8       640    0.9489    0.9254     0.938    0.7041    0.0232   0.03651         0
    85/149     3.42G   0.02516   0.06012         0   0.08529        13       640    0.9541    0.9303     0.946    0.7114   0.02287   0.03655         0
    86/149     3.42G   0.02525   0.05975         0   0.08501         6       640    0.9356    0.9403    0.9345    0.7035   0.02281   0.03656         0
    87/149     3.42G   0.02529   0.06065         0   0.08594         8       640    0.9543    0.9352    0.9384    0.7113   0.02247   0.03574         0
    88/149     3.42G   0.02391   0.05889         0   0.08281         8       640    0.9492    0.9303    0.9349    0.7069   0.02288   0.03617         0
    89/149     3.42G   0.02438   0.05828         0   0.08266         8       640    0.9314    0.9452    0.9395    0.7059   0.02277   0.03735         0
    90/149     3.42G   0.02367   0.05594         0   0.07961         7       640    0.9492    0.9303    0.9404     0.712   0.02247   0.03771         0
    91/149     3.42G   0.02325   0.05833         0   0.08159         9       640    0.9592    0.9353    0.9387     0.705   0.02288   0.03613         0
    92/149     3.42G   0.02412   0.05729         0   0.08141         7       640    0.9403    0.9403    0.9401    0.7071   0.02283   0.03675         0
    93/149     3.42G   0.02469   0.06191         0    0.0866         9       640    0.9403    0.9403    0.9438     0.703   0.02293    0.0362         0
    94/149     3.42G   0.02322   0.05969         0   0.08291         4       640    0.9406    0.9453    0.9409    0.7164   0.02245   0.03621         0
    95/149     3.42G   0.02362   0.05632         0   0.07994         7       640    0.9265    0.9403    0.9362    0.7075   0.02245   0.03638         0
    96/149     3.42G   0.02426   0.06184         0   0.08609         4       640    0.9446    0.9353    0.9478     0.712   0.02271   0.03713         0
    97/149     3.42G   0.02363   0.05817         0   0.08179         6       640    0.9265    0.9403    0.9323    0.7075   0.02247   0.03693         0
    98/149     3.42G   0.02359   0.05664         0   0.08024        12       640    0.9403    0.9402    0.9359    0.7155    0.0227   0.03682         0
    99/149     3.42G   0.02311   0.05686         0   0.07997         7       640     0.945    0.9403    0.9394    0.7167   0.02325   0.03617         0
   100/149     3.42G   0.02206   0.05172         0   0.07377        11       640      0.95    0.9452    0.9435    0.6941   0.02374   0.03662         0
   101/149     3.42G   0.02287   0.05659         0   0.07946        10       640    0.9643    0.9401    0.9391    0.7066   0.02284   0.03711         0
   102/149     3.42G   0.02334   0.05589         0   0.07923        11       640    0.9453    0.9453     0.943    0.7058   0.02244    0.0361         0
   103/149     3.42G   0.02364   0.05594         0   0.07958         3       640    0.9453    0.9453    0.9429    0.7215   0.02269    0.0353         0
   104/149     3.42G   0.02257   0.05544         0     0.078         7       640    0.9453    0.9453    0.9439    0.7119   0.02264   0.03497         0
   105/149     3.42G   0.02262   0.05512         0   0.07774         6       640    0.9402    0.9403     0.936    0.7052   0.02266   0.03543         0
   106/149     3.42G   0.02334   0.05572         0   0.07905         7       640    0.9403    0.9403    0.9361     0.699   0.02288   0.03636         0
   107/149     3.42G   0.02243   0.05295         0   0.07538         6       640     0.945    0.9402    0.9439    0.7144   0.02286   0.03673         0
   108/149     3.42G   0.02277   0.05494         0   0.07772         6       640     0.945    0.9402    0.9429    0.7107   0.02289   0.03608         0
   109/149     3.42G   0.02305   0.05173         0   0.07477        13       640    0.9583    0.9154    0.9332    0.7165   0.02232   0.03601         0
   110/149     3.42G   0.02365   0.05234         0   0.07599         9       640    0.9639    0.9303    0.9437    0.7208   0.02222   0.03516         0
   111/149     3.42G   0.02292   0.05448         0    0.0774         6       640    0.9313    0.9453    0.9414    0.7199   0.02211   0.03512         0
   112/149     3.42G   0.02273   0.05601         0   0.07874        10       640     0.959    0.9303    0.9423    0.7251   0.02197   0.03531         0
   113/149     3.42G   0.02145   0.05419         0   0.07564         9       640    0.9366    0.9551    0.9483    0.7293     0.022   0.03547         0
   114/149     3.42G   0.02186   0.05299         0   0.07485         7       640     0.945    0.9403    0.9398    0.7238   0.02204   0.03683         0
   115/149     3.42G   0.02284   0.05431         0   0.07715         7       640    0.9402    0.9403    0.9337    0.7189   0.02173    0.0371         0
   116/149     3.42G   0.02295   0.05481         0   0.07777        13       640    0.9363    0.9502    0.9447    0.7131   0.02164   0.03779         0
   117/149     3.42G    0.0231   0.05329         0   0.07639        13       640    0.9596    0.9453     0.947    0.7275   0.02181   0.03688         0
   118/149     3.42G   0.02278   0.05564         0   0.07842         9       640    0.9362    0.9552      0.95    0.7206    0.0218   0.03654         0
   119/149     3.42G   0.02159   0.05467         0   0.07626         6       640    0.9455    0.9502    0.9507    0.7138    0.0217   0.03717         0
   120/149     3.42G   0.02274   0.05171         0   0.07445        10       640    0.9453    0.9453     0.947     0.716   0.02161   0.03632         0
   121/149     3.42G    0.0212    0.0551         0    0.0763         6       640    0.9499    0.9453    0.9472    0.7164   0.02175   0.03585         0
   122/149     3.42G    0.0223   0.05338         0   0.07568         5       640    0.9543    0.9352     0.945    0.7203   0.02197   0.03646         0
   123/149     3.42G   0.02158    0.0509         0   0.07248         8       640    0.9355    0.9453    0.9462    0.7205   0.02148   0.03642         0
   124/149     3.42G   0.02075   0.05435         0    0.0751         8       640    0.9406    0.9453    0.9464    0.7179   0.02163    0.0361         0
   125/149     3.42G   0.02159   0.05401         0    0.0756         9       640    0.9453    0.9453    0.9467    0.7289   0.02138   0.03549         0
   126/149     3.42G   0.02202   0.05577         0   0.07778         9       640    0.9485    0.9353    0.9419    0.7179   0.02199     0.036         0
   127/149     3.42G   0.02251   0.05312         0   0.07564         8       640    0.9359    0.9453    0.9413    0.7186   0.02185   0.03595         0
   128/149     3.42G    0.0219   0.05306         0   0.07496         6       640      0.95    0.9452    0.9412    0.7175   0.02162   0.03533         0
   129/149     3.42G   0.02218   0.05458         0   0.07676        11       640    0.9544    0.9403    0.9479    0.7243   0.02188   0.03551         0
   130/149     3.42G   0.02242    0.0532         0   0.07562         9       640      0.95    0.9453    0.9481    0.7211   0.02158   0.03625         0
   131/149     3.42G   0.02222   0.05313         0   0.07535         7       640    0.9592    0.9353    0.9488    0.7182   0.02153   0.03546         0
   132/149     3.42G   0.02121   0.05596         0   0.07717        12       640    0.9362    0.9502    0.9476    0.7195   0.02154    0.0359         0
   133/149     3.42G   0.02067   0.05234         0   0.07301         8       640     0.945    0.9403    0.9462    0.7168    0.0216    0.0362         0
   134/149     3.42G   0.02142   0.05458         0   0.07599         9       640    0.9406    0.9453     0.947    0.7176   0.02161   0.03594         0
   135/149     3.42G   0.02146   0.05208         0   0.07353        12       640    0.9453    0.9453    0.9476    0.7245   0.02154   0.03561         0
   136/149     3.42G   0.02114   0.05158         0   0.07272        12       640    0.9409    0.9501    0.9468    0.7278   0.02134   0.03583         0
   137/149     3.42G   0.02236   0.05218         0   0.07454        11       640      0.95    0.9453    0.9473    0.7311   0.02135   0.03589         0
   138/149     3.42G   0.02119   0.05252         0   0.07371         8       640    0.9547    0.9453    0.9468    0.7281   0.02143   0.03561         0
   139/149     3.42G   0.02117   0.05338         0   0.07455        11       640    0.9547    0.9453    0.9468    0.7256   0.02142   0.03624         0
   140/149     3.42G    0.0199   0.05279         0   0.07269        10       640    0.9497    0.9403     0.942    0.7263   0.02118   0.03634         0
   141/149     3.42G   0.02111   0.05042         0   0.07154         7       640    0.9497    0.9403    0.9424    0.7289   0.02147   0.03597         0
   142/149     3.42G   0.02088   0.05213         0     0.073         8       640    0.9497    0.9403    0.9416    0.7216   0.02167   0.03682         0
   143/149     3.42G   0.02131   0.05022         0   0.07154         3       640     0.955    0.9502    0.9454    0.7154   0.02196   0.03697         0
   144/149     3.42G   0.02112   0.04917         0   0.07028         6       640    0.9549    0.9502    0.9458    0.7178   0.02173   0.03652         0
   145/149     3.42G   0.02147   0.05076         0   0.07222         6       640     0.955    0.9502    0.9485     0.729   0.02165   0.03657         0
   146/149     3.42G   0.02116   0.05503         0   0.07618        11       640     0.955    0.9502    0.9488    0.7285   0.02144   0.03574         0
   147/149     3.42G    0.0208   0.04897         0   0.06977         8       640     0.955    0.9502    0.9491    0.7299   0.02148   0.03547         0
   148/149     3.42G     0.022   0.05545         0   0.07745        10       640     0.955    0.9501    0.9479    0.7321   0.02139   0.03576         0
   149/149     3.42G   0.02102   0.05306         0   0.07408        13       640    0.9455    0.9502    0.9467    0.7327   0.02119   0.03571         0
     Epoch   gpu_mem       box       obj       cls     total    labels  img_size         P         R   mAP@.5m AP@.5:.95